   9   365   127    33
 niva_brom_carb_DIC niva_brom_carb_Alk niva_brom_bio_Phy niva_brom_bio_Het niva_brom_bio_NO3 niva_brom_bio_PO4 niva_brom_bio_NH4 niva_brom_bio_PON niva_brom_bio_DON niva_brom_bio_O2 niva_brom_redox_Mn2 niva_brom_redox_Mn3 niva_brom_redox_Mn4 niva_brom_redox_H2S niva_brom_redox_MnS niva_brom_redox_MnCO3 niva_brom_redox_Fe2 niva_brom_redox_Fe3 niva_brom_redox_FeS niva_brom_redox_FeCO3 niva_brom_redox_NO2 niva_brom_redox_S0 niva_brom_redox_S2O3 niva_brom_redox_SO4 niva_brom_redox_Si niva_brom_redox_Sipart niva_brom_redox_Baae niva_brom_redox_Bhae niva_brom_redox_Baan niva_brom_redox_Bhan niva_brom_redox_CaCO3 niva_brom_redox_FeS2 niva_brom_redox_CH4
 i  k Depth  t   s   Kz  hz Vol  _DIC _Alk Phy Het NO3 PO4 NH4 PON DON O2 x_Mn2 x_Mn3 x_Mn4 x_H2S x_MnS x_MnCO3 x_Fe2 x_Fe3 x_FeS x_FeCO3 x_NO2 x_S0 x_S2O3 x_SO4 x_Si x_Sipart x_Baae x_Bhae x_Baan x_Bhan x_CaCO3 x_FeS2 x_CH4
    1    1   0.5000     7.517939568    35.141380310     0.004849445     1.000000000     0.000000000   2158.474900517   2200.000000000      0.000002506      0.084516124      1.699458327      1.189620829      0.007384497      0.009271379      0.055003715    265.566850631      0.007063495      0.005832160      0.002000000      0.000000000      0.000019112      0.000000000      0.000000000      0.000500000      0.000000000      0.000000000      0.000743055      0.000001951      0.000086386  25000.000000000      2.549187491      0.135353447      0.047945571      0.009999495      0.004030121      0.002383406      0.001333482      0.000000000      0.000000000
    1    2   1.5000     7.520224094    35.141380310     0.004849445     1.000000000     0.000000000   2158.784479228   2199.998223927      0.000002499      0.084845921      1.703353948      1.188848895      0.007385984      0.009451952      0.055006982    264.543435681      0.007063549      0.005832182      0.002136059      0.000000000      0.000019112      0.000000000      0.000000000      0.000504399      0.000000000      0.000000000      0.000743181      0.000001982      0.000086910  25000.002932219      2.556672608      0.138008070      0.048020385      0.010015073      0.004036393      0.002387115      0.001359615      0.000000000      0.000000000
    1    3   2.5000     7.521368980    35.141380310     0.009197040     1.000000000     0.000000000   2158.883493007   2199.997331057      0.000002490      0.084953370      1.705369427      1.188439984      0.007387498      0.009510074      0.055010389    264.215974314      0.007063606      0.005832206      0.002209317      0.000000000      0.000019112      0.000000000      0.000000000      0.000506806      0.000000000      0.000000000      0.000743313      0.000002016      0.000087463  25000.004478726      2.560599624      0.138875174      0.048044785      0.010020135      0.004038426      0.002388316      0.001368137      0.000000000      0.000000000
    1    4   3.5000     7.522109985    35.141380310     0.013594976     1.000000000     0.000000000   2158.949877561   2199.996745265      0.000002480      0.085026365      1.706717952      1.188163284      0.007388982      0.009549363      0.055013797    263.996385370      0.007063663      0.005832230      0.002258603      0.000000000      0.000019112      0.000000000      0.000000000      0.000508442      0.000000000      0.000000000      0.000743446      0.000002050      0.000088027  25000.005525507      2.563249652      0.139466416      0.048061376      0.010023569      0.004039803      0.002389130      0.001373941      0.000000000      0.000000000
    1    5   4.5000     7.522649288    35.141380310     0.017911673     1.000000000     0.000000000   2158.999808899   2199.996314525      0.000002471      0.085081923      1.707730458      1.187953424      0.007390444      0.009578997      0.055017210    263.831198086      0.007063722      0.005832255      0.002295814      0.000000000      0.000019112      0.000000000      0.000000000      0.000509690      0.000000000      0.000000000      0.000743580      0.000002085      0.000088598  25000.006320560      2.565256482      0.139916010      0.048074026      0.010026181      0.004040849      0.002389748      0.001378348      0.000000000      0.000000000
    1    6   5.5000     7.523069382    35.141380310     0.022122139     1.000000000     0.000000000   2159.039868644   2199.995977025      0.000002462      0.085127022      1.708541525      1.187783761      0.007391895      0.009602841      0.055020634    263.698654970      0.007063781      0.005832280      0.002325764      0.000000000      0.000019112      0.000000000      0.000000000      0.000510705      0.000000000      0.000000000      0.000743715      0.000002121      0.000089178  25000.006964806      2.566877966      0.140280564      0.048084314      0.010028300      0.004041696      0.002390248      0.001381918      0.000000000      0.000000000
    1    7   6.5000     7.523411274    35.141384125     0.026223782     1.000000000     0.000000000   2159.073351907   2199.995701824      0.000002453      0.085165157      1.709218503      1.187640938      0.007393339      0.009622831      0.055024076    263.587862403      0.007063841      0.005832305      0.002350866      0.000000000      0.000019112      0.000000000      0.000000000      0.000511564      0.000000000      0.000000000      0.000743850      0.000002157      0.000089766  25000.007508768      2.568243172      0.140588432      0.048093031      0.010030092      0.004042411      0.002390670      0.001384929      0.000000000      0.000000000
    1    8   7.5000     7.523696899    35.141384125     0.030218758     1.000000000     0.000000000   2159.102138861   2199.995471272      0.000002444      0.085198323      1.709799805      1.187517322      0.007394780      0.009640069      0.055027540    263.492604182      0.007063901      0.005832330      0.002372501      0.000000000      0.000019112      0.000000000      0.000000000      0.000512313      0.000000000      0.000000000      0.000743987      0.000002194      0.000090363  25000.007981272      2.569425727      0.140855813      0.048100629      0.010031650      0.004043032      0.002391036      0.001387541      0.000000000      0.000000000
    1    9   8.5000     7.523941517    35.141384125     0.034109712     1.000000000     0.000000000   2159.127402995   2199.995274349      0.000002435      0.085227766      1.710309399      1.187408146      0.007396221      0.009655246      0.055031028    263.409000327      0.007063963      0.005832356      0.002391529      0.000000000      0.000019112      0.000000000      0.000000000      0.000512978      0.000000000      0.000000000      0.000744125      0.000002232      0.000090970  25000.008400306      2.570471576      0.141092829      0.048107388      0.010033033      0.004043582      0.002391361      0.001389853      0.000000000      0.000000000
    1   10   9.5000     7.524154663    35.141384125     0.037898663     1.000000000     0.000000000   2159.149926140   2199.995103719      0.000002425      0.085254317      1.710763246      1.187310227      0.007397665      0.009668821      0.055034544    263.334465681      0.007064025      0.005832382      0.002408526      0.000000000      0.000019112      0.000000000      0.000000000      0.000513579      0.000000000      0.000000000      0.000744265      0.000002271      0.000091586  25000.008777856      2.571411322      0.141306236      0.048113497      0.010034281      0.004044077      0.002391653      0.001391932      0.000000000      0.000000000
    1   11  10.5000     7.524342060    35.141384125     0.041586921     1.000000000     0.000000000   2159.170255622   2199.994954248      0.000002416      0.085278559      1.711172517      1.187221337      0.007399114      0.009681116      0.055038089    263.267190396      0.007064088      0.005832408      0.002423896      0.000000000      0.000019112      0.000000000      0.000000000      0.000514127      0.000000000      0.000000000      0.000744406      0.000002311      0.000092212  25000.009122312      2.572266389      0.141500767      0.048119088      0.010035420      0.004044529      0.002391920      0.001393825      0.000000000      0.000000000
    1   12  11.5000     7.524508953    35.141387939     0.045175128     1.000000000     0.000000000   2159.188789779   2199.994822199      0.000002408      0.085300915      1.711545337      1.187139850      0.007400568      0.009692366      0.055041664    263.205857220      0.007064151      0.005832435      0.002437933      0.000000000      0.000019112      0.000000000      0.000000000      0.000514634      0.000000000      0.000000000      0.000744548      0.000002351      0.000092847  25000.009439783      2.573052368      0.141679874      0.048124256      0.010036470      0.004044945      0.002392165      0.001395566      0.000000000      0.000000000
    1   13  12.5000     7.524659157    35.141387939     0.048663374     1.000000000     0.000000000   2159.205827734   2199.994704774      0.000002399      0.085321704      1.711887808      1.187064544      0.007402029      0.009702746      0.055045273    263.149476948      0.007064216      0.005832462      0.002450858      0.000000000      0.000019112      0.000000000      0.000000000      0.000515106      0.000000000      0.000000000      0.000744692      0.000002393      0.000093492  25000.009734856      2.573780972      0.141846152      0.048129072      0.010037447      0.004045331      0.002392392      0.001397180      0.000000000      0.000000000
    1   14  13.5000     7.524795055    35.141387939     0.052051321     1.000000000     0.000000000   2159.221599956   2199.994599818      0.000002390      0.085341171      1.712204627      1.186994479      0.007403500      0.009712392      0.055048916    263.097287377      0.007064281      0.005832489      0.002462841      0.000000000      0.000019112      0.000000000      0.000000000      0.000515548      0.000000000      0.000000000      0.000744837      0.000002435      0.000094148  25000.010011072      2.574461226      0.142001603      0.048133594      0.010038363      0.004045693      0.002392605      0.001398687      0.000000000      0.000000000
    1   15  14.5000     7.524919033    35.141387939     0.055338044     1.000000000     0.000000000   2159.236287954   2199.994505638      0.000002381      0.085359511      1.712499494      1.186928909      0.007404979      0.009721411      0.055052594    263.048688214      0.007064348      0.005832517      0.002474017      0.000000000      0.000019112      0.000000000      0.000000000      0.000515965      0.000000000      0.000000000      0.000744984      0.000002478      0.000094814  25000.010271218      2.575100245      0.142147808      0.048137864      0.010039225      0.004046032      0.002392806      0.001400103      0.000000000      0.000000000
    1   16  15.5000     7.525032043    35.141387939     0.058522541     1.000000000     0.000000000   2159.250037262   2199.994420880      0.000002373      0.085376880      1.712775374      1.186867239      0.007406470      0.009729889      0.055056311    263.003198111      0.007064415      0.005832545      0.002484494      0.000000000      0.000019112      0.000000000      0.000000000      0.000516360      0.000000000      0.000000000      0.000745132      0.000002522      0.000095492  25000.010517535      2.575703737      0.142286037      0.048141918      0.010040043      0.004046354      0.002392995      0.001401439      0.000000000      0.000000000
    1   17  16.5000     7.525136471    35.141391754     0.061603632     1.000000000     0.000000000   2159.262966427   2199.994344448      0.000002364      0.085393404      1.713034681      1.186808981      0.007407973      0.009737896      0.055060068    262.960424986      0.007064483      0.005832574      0.002494360      0.000000000      0.000019112      0.000000000      0.000000000      0.000516736      0.000000000      0.000000000      0.000745282      0.000002567      0.000096180  25000.010751850      2.576276359      0.142417325      0.048145784      0.010040821      0.004046660      0.002393175      0.001402707      0.000000000      0.000000000
    1   18  17.5000     7.525232792    35.141391754     0.064580016     1.000000000     0.000000000   2159.275173332   2199.994275438      0.000002355      0.085409190      1.713279408      1.186753734      0.007409489      0.009745490      0.055063866    262.920045081      0.007064552      0.005832603      0.002503688      0.000000000      0.000019112      0.000000000      0.000000000      0.000517096      0.000000000      0.000000000      0.000745434      0.000002613      0.000096880  25000.010975676      2.576821961      0.142542532      0.048149486      0.010041564      0.004046951      0.002393347      0.001403915      0.000000000      0.000000000
    1   19  18.5000     7.525322437    35.141391754     0.067450330     1.000000000     0.000000000   2159.286739776   2199.994213101      0.000002347      0.085424324      1.713511219      1.186701159      0.007411019      0.009752720      0.055067707    262.881787845      0.007064622      0.005832632      0.002512538      0.000000000      0.000019112      0.000000000      0.000000000      0.000517442      0.000000000      0.000000000      0.000745588      0.000002661      0.000097592  25000.011190279      2.577343768      0.142662378      0.048153044      0.010042277      0.004047231      0.002393511      0.001405070      0.000000000      0.000000000
    1   20  19.5000     7.525405884    35.141391754     0.070213132     1.000000000     0.000000000   2159.297734849   2199.994156809      0.000002339      0.085438883      1.713731522      1.186650972      0.007412564      0.009759625      0.055071593    262.845424754      0.007064693      0.005832661      0.002520962      0.000000000      0.000019112      0.000000000      0.000000000      0.000517774      0.000000000      0.000000000      0.000745744      0.000002709      0.000098316  25000.011396735      2.577844509      0.142777470      0.048156476      0.010042964      0.004047499      0.002393669      0.001406177      0.000000000      0.000000000
    1   21  20.5000     7.525483608    35.141395569     0.072867006     1.000000000     0.000000000   2159.308217459   2199.994106029      0.000002330      0.085452930      1.713941514      1.186602929      0.007414125      0.009766242      0.055075527    262.810760972      0.007064765      0.005832692      0.002529004      0.000000000      0.000019112      0.000000000      0.000000000      0.000518095      0.000000000      0.000000000      0.000745902      0.000002758      0.000099054  25000.011595963      2.578326520      0.142888333      0.048159795      0.010043627      0.004047758      0.002393821      0.001407242      0.000000000      0.000000000
    1   22  21.5000     7.525556564    35.141395569     0.075410515     1.000000000     0.000000000   2159.318238265   2199.994060310      0.000002322      0.085466520      1.714142226      1.186556822      0.007415704      0.009772599      0.055079511    262.777628946      0.007064838      0.005832722      0.002536702      0.000000000      0.000019112      0.000000000      0.000000000      0.000518406      0.000000000      0.000000000      0.000746062      0.000002809      0.000099804  25000.011788757      2.578791814      0.142995416      0.048163015      0.010044268      0.004048008      0.002393968      0.001408270      0.000000000      0.000000000
    1   23  22.5000     7.525624752    35.141395569     0.077842243     1.000000000     0.000000000   2159.327841173   2199.994019265      0.000002314      0.085479702      1.714334550      1.186512467      0.007417301      0.009778724      0.055083546    262.745883472      0.007064912      0.005832753      0.002544089      0.000000000      0.000019112      0.000000000      0.000000000      0.000518708      0.000000000      0.000000000      0.000746225      0.000002861      0.000100568  25000.011975810      2.579242147      0.143099113      0.048166146      0.010044891      0.004048251      0.002394110      0.001409264      0.000000000      0.000000000
    1   24  23.5000     7.525689125    35.141399384     0.080160812     1.000000000     0.000000000   2159.337064501   2199.993982559      0.000002306      0.085492519      1.714519267      1.186469705      0.007418917      0.009784640      0.055087636    262.715397823      0.007064987      0.005832785      0.002551193      0.000000000      0.000019112      0.000000000      0.000000000      0.000519002      0.000000000      0.000000000      0.000746389      0.000002914      0.000101347  25000.012157730      2.579679056      0.143199768      0.048169198      0.010045497      0.004048486      0.002394249      0.001410227      0.000000000      0.000000000
    1   25  24.5000     7.525749683    35.141399384     0.082365468     1.000000000     0.000000000   2159.345941852   2199.993949905      0.000002298      0.085505007      1.714697059      1.186428397      0.007420555      0.009790365      0.055091781    262.686060886      0.007065063      0.005832816      0.002558040      0.000000000      0.000019112      0.000000000      0.000000000      0.000519289      0.000000000      0.000000000      0.000746557      0.000002969      0.000102140  25000.012335055      2.580103898      0.143297686      0.048172179      0.010046087      0.004048716      0.002394383      0.001411163      0.000000000      0.000000000
    1   26  25.5000     7.525806904    35.141399384     0.084455043     1.000000000     0.000000000   2159.354502914   2199.993921055      0.000002290      0.085517201      1.714868531      1.186388419      0.007422214      0.009795920      0.055095986    262.657774497      0.007065141      0.005832849      0.002564651      0.000000000      0.000019112      0.000000000      0.000000000      0.000519569      0.000000000      0.000000000      0.000746726      0.000003025      0.000102949  25000.012508264      2.580517879      0.143393138      0.048175097      0.010046664      0.004048939      0.002394515      0.001412075      0.000000000      0.000000000
    1   27  26.5000     7.525861263    35.141403198     0.086428419     1.000000000     0.000000000   2159.362774066   2199.993895793      0.000002282      0.085529130      1.715034219      1.186349661      0.007423897      0.009801318      0.055100253    262.630451446      0.007065220      0.005832882      0.002571047      0.000000000      0.000019112      0.000000000      0.000000000      0.000519843      0.000000000      0.000000000      0.000746899      0.000003082      0.000103774  25000.012677786      2.580922081      0.143486367      0.048177959      0.010047229      0.004049158      0.002394643      0.001412964      0.000000000      0.000000000
    1   28  27.5000     7.525912762    35.141403198     0.088284537     1.000000000     0.000000000   2159.370778871   2199.993873930      0.000002274      0.085540820      1.715194602      1.186312023      0.007425603      0.009806575      0.055104584    262.604013848      0.007065300      0.005832915      0.002577245      0.000000000      0.000019112      0.000000000      0.000000000      0.000520113      0.000000000      0.000000000      0.000747074      0.000003141      0.000104615  25000.012844010      2.581317476      0.143577592      0.048180771      0.010047783      0.004049372      0.002394769      0.001413832      0.000000000      0.000000000
    1   29  28.5000     7.525961399    35.141403198     0.090022355     1.000000000     0.000000000   2159.378538483   2199.993855304      0.000002267      0.085552298      1.715350111      1.186275418      0.007427336      0.009811704      0.055108982    262.578391793      0.007065382      0.005832949      0.002583262      0.000000000      0.000019112      0.000000000      0.000000000      0.000520377      0.000000000      0.000000000      0.000747252      0.000003201      0.000105474  25000.013007290      2.581704948      0.143667011      0.048183539      0.010048328      0.004049582      0.002394892      0.001414683      0.000000000      0.000000000
    1   30  29.5000     7.526007652    35.141407013     0.091641948     1.000000000     0.000000000   2159.386071897   2199.993839774      0.000002259      0.085563585      1.715501133      1.186239765      0.007429096      0.009816716      0.055113451    262.553522519      0.007065465      0.005832984      0.002589111      0.000000000      0.000019112      0.000000000      0.000000000      0.000520638      0.000000000      0.000000000      0.000747434      0.000003263      0.000106351  25000.013167946      2.582085299      0.143754806      0.048186268      0.010048864      0.004049789      0.002395013      0.001415516      0.000000000      0.000000000
    1   31  30.5000     7.526051998    35.141407013     0.093142562     1.000000000     0.000000000   2159.393396316   2199.993827217      0.000002251      0.085574701      1.715648019      1.186204992      0.007430885      0.009821622      0.055117993    262.529349203      0.007065549      0.005833019      0.002594807      0.000000000      0.000019112      0.000000000      0.000000000      0.000520895      0.000000000      0.000000000      0.000747618      0.000003327      0.000107247  25000.013326276      2.582459263      0.143841142      0.048188963      0.010049392      0.004049992      0.002395132      0.001416335      0.000000000      0.000000000
    1   32  31.5000     7.526093960    35.141407013     0.094523504     1.000000000     0.000000000   2159.400527386   2199.993817527      0.000002244      0.085585666      1.715791086      1.186171033      0.007432703      0.009826432      0.055122612    262.505820180      0.007065635      0.005833055      0.002600359      0.000000000      0.000019112      0.000000000      0.000000000      0.000521148      0.000000000      0.000000000      0.000747806      0.000003393      0.000108163  25000.013482552      2.582827520      0.143926173      0.048191628      0.010049913      0.004050193      0.002395250      0.001417141      0.000000000      0.000000000
    1   33  32.5000     7.526134014    35.141410828     0.095784128     1.000000000     0.000000000   2159.407479401   2199.993810616      0.000002236      0.085596498      1.715930628      1.186137827      0.007434553      0.009831154      0.055127312    262.482888270      0.007065723      0.005833092      0.002605780      0.000000000      0.000019112      0.000000000      0.000000000      0.000521399      0.000000000      0.000000000      0.000747998      0.000003460      0.000109099  25000.013637032      2.583190699      0.144010039      0.048194267      0.010050428      0.004050390      0.002395366      0.001417934      0.000000000      0.000000000
    1   34  33.5000     7.526172638    35.141410828     0.096923813     1.000000000     0.000000000   2159.414265471   2199.993806407      0.000002229      0.085607213      1.716066912      1.186105319      0.007436437      0.009835798      0.055132095    262.460510215      0.007065812      0.005833129      0.002611079      0.000000000      0.000019113      0.000000000      0.000000000      0.000521648      0.000000000      0.000000000      0.000748193      0.000003530      0.000110057  25000.013789954      2.583549389      0.144092876      0.048196884      0.010050939      0.004050586      0.002395480      0.001418717      0.000000000      0.000000000
    1   35  34.5000     7.526209354    35.141414642     0.097942725     1.000000000     0.000000000   2159.420897626   2199.993804836      0.000002221      0.085617826      1.716200184      1.186073458      0.007438355      0.009840371      0.055136967    262.438646347      0.007065904      0.005833167      0.002616266      0.000000000      0.000019113      0.000000000      0.000000000      0.000521894      0.000000000      0.000000000      0.000748392      0.000003602      0.000111037  25000.013941544      2.583904141      0.144174806      0.048199484      0.010051445      0.004050780      0.002395594      0.001419490      0.000000000      0.000000000
    1   36  35.5000     7.526244640    35.141414642     0.098840408     1.000000000     0.000000000   2159.427386987   2199.993805852      0.000002214      0.085628353      1.716330672      1.186042195      0.007440311      0.009844881      0.055141931    262.417260010      0.007065997      0.005833206      0.002621349      0.000000000      0.000019113      0.000000000      0.000000000      0.000522139      0.000000000      0.000000000      0.000748595      0.000003676      0.000112041  25000.014092017      2.584255474      0.144255948      0.048202069      0.010051947      0.004050972      0.002395706      0.001420254      0.000000000      0.000000000
    1   37  36.5000     7.526278019    35.141418457     0.099616453     1.000000000     0.000000000   2159.433743881   2199.993809414      0.000002207      0.085638808      1.716458587      1.186011488      0.007442305      0.009849333      0.055146992    262.396317189      0.007066092      0.005833246      0.002626336      0.000000000      0.000019113      0.000000000      0.000000000      0.000522382      0.000000000      0.000000000      0.000748802      0.000003752      0.000113070  25000.014241577      2.584603885      0.144336413      0.048204642      0.010052446      0.004051162      0.002395817      0.001421011      0.000000000      0.000000000
    1   38  37.5000     7.526310444    35.141418457     0.100270443     1.000000000     0.000000000   2159.439977940   2199.993815491      0.000002199      0.085649204      1.716584129      1.185981295      0.007444340      0.009853736      0.055152153    262.375786188      0.007066189      0.005833286      0.002631234      0.000000000      0.000019113      0.000000000      0.000000000      0.000522624      0.000000000      0.000000000      0.000749014      0.000003830      0.000114124  25000.014390421      2.584949848      0.144416310      0.048207208      0.010052943      0.004051351      0.002395928      0.001421762      0.000000000      0.000000000
    1   39  38.5000     7.526341438    35.141422272     0.100801975     1.000000000     0.000000000   2159.446098184   2199.993824062      0.000002192      0.085659554      1.716707482      1.185951576      0.007446418      0.009858094      0.055157421    262.355637337      0.007066288      0.005833327      0.002636051      0.000000000      0.000019113      0.000000000      0.000000000      0.000522866      0.000000000      0.000000000      0.000749231      0.000003911      0.000115206  25000.014538742      2.585293819      0.144495742      0.048209769      0.010053438      0.004051540      0.002396038      0.001422508      0.000000000      0.000000000
    1   40  39.5000     7.526371479    35.141422272     0.101212554     1.000000000     0.000000000   2159.452112992   2199.993835115      0.000002185      0.085669872      1.716828820      1.185922296      0.007448541      0.009862415      0.055162801    262.335843112      0.007066389      0.005833370      0.002640792      0.000000000      0.000019113      0.000000000      0.000000000      0.000523107      0.000000000      0.000000000      0.000749452      0.000003995      0.000116315  25000.014686724      2.585636237      0.144574808      0.048212329      0.010053932      0.004051728      0.002396148      0.001423249      0.000000000      0.000000000
    1   41  40.5000     7.526400089    35.141426086     0.101502024     1.000000000     0.000000000   2159.458030272   2199.993848648      0.000002178      0.085680169      1.716948307      1.185893420      0.007450712      0.009866703      0.055168297    262.316377560      0.007066492      0.005833413      0.002645465      0.000000000      0.000019113      0.000000000      0.000000000      0.000523348      0.000000000      0.000000000      0.000749679      0.000004082      0.000117455  25000.014834548      2.585977529      0.144653604      0.048214890      0.010054425      0.004051915      0.002396258      0.001423986      0.000000000      0.000000000
    1   42  41.5000     7.526427746    35.141426086     0.101670235     1.000000000     0.000000000   2159.463857524   2199.993864667      0.000002170      0.085690457      1.717066100      1.185864916      0.007452934      0.009870965      0.055173916    262.297216092      0.007066599      0.005833457      0.002650075      0.000000000      0.000019113      0.000000000      0.000000000      0.000523589      0.000000000      0.000000000      0.000749911      0.000004171      0.000118626  25000.014982393      2.586318115      0.144732227      0.048217456      0.010054919      0.004052102      0.002396367      0.001424721      0.000000000      0.000000000
    1   43  42.5000     7.526454449    35.141429901     0.101717018     1.000000000     0.000000000   2159.469601901   2199.993883186      0.000002163      0.085700749      1.717182346      1.185836752      0.007455208      0.009875206      0.055179664    262.278335293      0.007066707      0.005833502      0.002654627      0.000000000      0.000019113      0.000000000      0.000000000      0.000523830      0.000000000      0.000000000      0.000750149      0.000004264      0.000119831  25000.015130438      2.586658411      0.144810771      0.048220029      0.010055413      0.004052289      0.002396476      0.001425454      0.000000000      0.000000000
    1   44  43.5000     7.526479721    35.141429901     0.101642191     1.000000000     0.000000000   2159.475270256   2199.993904231      0.000002156      0.085711058      1.717297190      1.185808900      0.007457539      0.009879431      0.055185549    262.259712752      0.007066818      0.005833549      0.002659127      0.000000000      0.000019113      0.000000000      0.000000000      0.000524072      0.000000000      0.000000000      0.000750393      0.000004360      0.000121070  25000.015278862      2.586998830      0.144889329      0.048222613      0.010055908      0.004052476      0.002396586      0.001426186      0.000000000      0.000000000
    1   45  44.5000     7.526504517    35.141433716     0.101449631     1.000000000     0.000000000   2159.480868973   2199.993927834      0.000002149      0.085721394      1.717410766      1.185781329      0.007459929      0.009883645      0.055191577    262.241327638      0.007066932      0.005833596      0.002663581      0.000000000      0.000019113      0.000000000      0.000000000      0.000524315      0.000000000      0.000000000      0.000750644      0.000004460      0.000122345  25000.015427841      2.587339777      0.144967993      0.048225211      0.010056405      0.004052664      0.002396695      0.001426919      0.000000000      0.000000000
    1   46  45.5000     7.526528358    35.141437531     0.101139605     1.000000000     0.000000000   2159.486404214   2199.993954036      0.000002142      0.085731770      1.717523205      1.185754015      0.007462381      0.009887854      0.055197755    262.223159875      0.007067050      0.005833645      0.002667992      0.000000000      0.000019113      0.000000000      0.000000000      0.000524560      0.000000000      0.000000000      0.000750901      0.000004564      0.000123660  25000.015577552      2.587681657      0.145046855      0.048227825      0.010056905      0.004052852      0.002396805      0.001427652      0.000000000      0.000000000
    1   47  46.5000     7.526551247    35.141437531     0.100712366     1.000000000     0.000000000   2159.491881962   2199.993982888      0.000002135      0.085742198      1.717634634      1.185726929      0.007464899      0.009892062      0.055204092    262.205190004      0.007067170      0.005833695      0.002672367      0.000000000      0.000019113      0.000000000      0.000000000      0.000524806      0.000000000      0.000000000      0.000751166      0.000004671      0.000125015  25000.015728178      2.588024882      0.145126009      0.048230459      0.010057407      0.004053042      0.002396916      0.001428387      0.000000000      0.000000000
    1   48  47.5000     7.526573658    35.141441345     0.100168154     1.000000000     0.000000000   2159.497308062   2199.994014451      0.000002128      0.085752691      1.717745178      1.185700046      0.007467488      0.009896276      0.055210598    262.187399056      0.007067293      0.005833746      0.002676709      0.000000000      0.000019113      0.000000000      0.000000000      0.000525054      0.000000000      0.000000000      0.000751438      0.000004783      0.000126413  25000.015879905      2.588369872      0.145205551      0.048233117      0.010057913      0.004053232      0.002397027      0.001429124      0.000000000      0.000000000
    1   49  48.5000     7.526595116    35.141441345     0.099507190     1.000000000     0.000000000   2159.502688260   2199.994048795      0.000002121      0.085763261      1.717854961      1.185673341      0.007470151      0.009900500      0.055217281    262.169768414      0.007067420      0.005833799      0.002681023      0.000000000      0.000019113      0.000000000      0.000000000      0.000525304      0.000000000      0.000000000      0.000751718      0.000004899      0.000127858  25000.016032927      2.588717063      0.145285579      0.048235800      0.010058424      0.004053424      0.002397138      0.001429865      0.000000000      0.000000000
    1   50  49.5000     7.526616096    35.141445160     0.098735325     1.000000000     0.000000000   2159.508027941   2199.994086003      0.000002114      0.085773922      1.717964100      1.185646790      0.007472892      0.009904739      0.055224151    262.152280696      0.007067551      0.005833854      0.002685315      0.000000000      0.000019113      0.000000000      0.000000000      0.000525557      0.000000000      0.000000000      0.000752006      0.000005020      0.000129350  25000.016187437      2.589066881      0.145366190      0.048238514      0.010058939      0.004053617      0.002397251      0.001430610      0.000000000      0.000000000
    1   51  50.5000     7.526636124    35.141448975     0.097853392     1.000000000     0.000000000   2159.513332431   2199.994126164      0.000002107      0.085784687      1.718072711      1.185620368      0.007475717      0.009909000      0.055231220    262.134918735      0.007067685      0.005833910      0.002689588      0.000000000      0.000019113      0.000000000      0.000000000      0.000525812      0.000000000      0.000000000      0.000752304      0.000005146      0.000130895  25000.016343635      2.589419774      0.145447486      0.048241262      0.010059460      0.004053812      0.002397365      0.001431361      0.000000000      0.000000000
    1   52  51.5000     7.526655674    35.141452789     0.096862212     1.000000000     0.000000000   2159.518607041   2199.994169384      0.000002100      0.085795569      1.718180911      1.185594052      0.007478631      0.009913287      0.055238498    262.117665473      0.007067824      0.005833967      0.002693847      0.000000000      0.000019113      0.000000000      0.000000000      0.000526071      0.000000000      0.000000000      0.000752611      0.000005277      0.000132493  25000.016501733      2.589776204      0.145529572      0.048244046      0.010059987      0.004054009      0.002397480      0.001432117      0.000000000      0.000000000
    1   53  52.5000     7.526674271    35.141452789     0.095762633     1.000000000     0.000000000   2159.523857096   2199.994215779      0.000002093      0.085806584      1.718288818      1.185567818      0.007481639      0.009917606      0.055246000    262.100503842      0.007067967      0.005834027      0.002698096      0.000000000      0.000019113      0.000000000      0.000000000      0.000526333      0.000000000      0.000000000      0.000752928      0.000005414      0.000134150  25000.016661954      2.590136661      0.145612559      0.048246872      0.010060521      0.004054209      0.002397596      0.001432881      0.000000000      0.000000000
    1   54  53.5000     7.526692390    35.141456604     0.094555527     1.000000000     0.000000000   2159.529087974   2199.994265482      0.000002086      0.085817748      1.718396553      1.185541641      0.007484747      0.009921964      0.055253739    262.083416651      0.007068115      0.005834088      0.002702341      0.000000000      0.000019113      0.000000000      0.000000000      0.000526599      0.000000000      0.000000000      0.000753256      0.000005558      0.000135868  25000.016824534      2.590501659      0.145696564      0.048249743      0.010061063      0.004054411      0.002397714      0.001433654      0.000000000      0.000000000
    1   55  54.5000     7.526710510    35.141460419     0.093241826     1.000000000     0.000000000   2159.534305145   2199.994318641      0.000002079      0.085829076      1.718504238      1.185515498      0.007487963      0.009926367      0.055261729    262.066386468      0.007068267      0.005834152      0.002706585      0.000000000      0.000019113      0.000000000      0.000000000      0.000526870      0.000000000      0.000000000      0.000753595      0.000005708      0.000137653  25000.016989724      2.590871746      0.145781712      0.048252664      0.010061613      0.004054616      0.002397833      0.001434435      0.000000000      0.000000000
    1   56  55.5000     7.526727200    35.141464233     0.091822498     1.000000000     0.000000000   2159.539514210   2199.994375420      0.000002071      0.085840587      1.718612001      1.185489362      0.007491293      0.009930821      0.055269988    262.049395487      0.007068425      0.005834217      0.002710834      0.000000000      0.000019113      0.000000000      0.000000000      0.000527146      0.000000000      0.000000000      0.000753947      0.000005865      0.000139507  25000.017157795      2.591247506      0.145868136      0.048255640      0.010062173      0.004054825      0.002397954      0.001435228      0.000000000      0.000000000
    1   57  56.5000     7.526743889    35.141468048     0.090309985     1.000000000     0.000000000   2159.544720291   2199.994435999      0.000002064      0.085852299      1.718719961      1.185463211      0.007494745      0.009935333      0.055278533    262.032427539      0.007068589      0.005834285      0.002715093      0.000000000      0.000019113      0.000000000      0.000000000      0.000527427      0.000000000      0.000000000      0.000754312      0.000006030      0.000141438  25000.017329016      2.591629518      0.145955968      0.048258675      0.010062743      0.004055037      0.002398078      0.001436032      0.000000000      0.000000000
    1   58  57.5000     7.526760101    35.141471863     0.088719979     1.000000000     0.000000000   2159.549927840   2199.994500565      0.000002057      0.085864228      1.718828223      1.185437024      0.007498328      0.009939911      0.055287381    262.015468699      0.007068758      0.005834356      0.002719365      0.000000000      0.000019114      0.000000000      0.000000000      0.000527713      0.000000000      0.000000000      0.000754691      0.000006203      0.000143448  25000.017503649      2.592018343      0.146045334      0.048261775      0.010063325      0.004055253      0.002398203      0.001436849      0.000000000      0.000000000
    1   59  58.5000     7.526775837    35.141471863     0.087057799     1.000000000     0.000000000   2159.555141236   2199.994569322      0.000002050      0.085876393      1.718936893      1.185410783      0.007502049      0.009944559      0.055296550    261.998505338      0.007068934      0.005834429      0.002723654      0.000000000      0.000019114      0.000000000      0.000000000      0.000528006      0.000000000      0.000000000      0.000755085      0.000006385      0.000145543  25000.017681970      2.592414564      0.146136367      0.048264944      0.010063918      0.004055473      0.002398331      0.001437680      0.000000000      0.000000000
    1   60  59.5000     7.526791096    35.141475677     0.085328884     1.000000000     0.000000000   2159.560364802   2199.994642494      0.000002043      0.085888811      1.719046077      1.185384469      0.007505918      0.009949286      0.055306062    261.981524100      0.007069116      0.005834504      0.002727966      0.000000000      0.000019114      0.000000000      0.000000000      0.000528305      0.000000000      0.000000000      0.000755495      0.000006577      0.000147730  25000.017864266      2.592818793      0.146229208      0.048268188      0.010064525      0.004055697      0.002398462      0.001438526      0.000000000      0.000000000
    1   61  60.5000     7.526805878    35.141479492     0.083538808     1.000000000     0.000000000   2159.565602800   2199.994720322      0.000002036      0.085901504      1.719155882      1.185358063      0.007509945      0.009954099      0.055315937    261.964511891      0.007069306      0.005834583      0.002732303      0.000000000      0.000019114      0.000000000      0.000000000      0.000528612      0.000000000      0.000000000      0.000755922      0.000006779      0.000150014  25000.018050841      2.593231672      0.146324000      0.048271511      0.010065145      0.004055927      0.002398595      0.001439389      0.000000000      0.000000000
    1   62  61.5000     7.526820183    35.141483307     0.081693366     1.000000000     0.000000000   2159.570859433   2199.994803068      0.000002028      0.085914491      1.719266414      1.185331548      0.007514139      0.009959005      0.055326198    261.947455897      0.007069503      0.005834665      0.002736671      0.000000000      0.000019114      0.000000000      0.000000000      0.000528926      0.000000000      0.000000000      0.000756366      0.000006992      0.000152402  25000.018242015      2.593653873      0.146420898      0.048274920      0.010065781      0.004056162      0.002398731      0.001440270      0.000000000      0.000000000
    1   63  62.5000     7.526834011    35.141487122     0.079798542     1.000000000     0.000000000   2159.576138840   2199.994891017      0.000002021      0.085927794      1.719377782      1.185304906      0.007518513      0.009964012      0.055336869    261.930343604      0.007069708      0.005834750      0.002741073      0.000000000      0.000019114      0.000000000      0.000000000      0.000529249      0.000000000      0.000000000      0.000756830      0.000007217      0.000154901  25000.018438125      2.594086102      0.146520061      0.048278422      0.010066433      0.004056403      0.002398871      0.001441170      0.000000000      0.000000000
    1   64  63.5000     7.526847363    35.141490936     0.077860571     1.000000000     0.000000000   2159.581445079   2199.994984476      0.000002014      0.085941436      1.719490094      1.185278121      0.007523078      0.009969128      0.055347976    261.913162854      0.007069922      0.005834838      0.002745513      0.000000000      0.000019114      0.000000000      0.000000000      0.000529580      0.000000000      0.000000000      0.000757315      0.000007454      0.000157519  25000.018639524      2.594529101      0.146621659      0.048282021      0.010067102      0.004056649      0.002399014      0.001442091      0.000000000      0.000000000
    1   65  64.5000     7.526860237    35.141494751     0.075885974     1.000000000     0.000000000   2159.586782110   2199.995083777      0.000002006      0.085955442      1.719603457      1.185251177      0.007527847      0.009974362      0.055359548    261.895901923      0.007070144      0.005834931      0.002749997      0.000000000      0.000019114      0.000000000      0.000000000      0.000529921      0.000000000      0.000000000      0.000757821      0.000007706      0.000160264  25000.018846587      2.594983647      0.146725868      0.048285726      0.010067790      0.004056903      0.002399161      0.001443035      0.000000000      0.000000000
    1   66  65.5000     7.526873112    35.141502380     0.073881596     1.000000000     0.000000000   2159.592153754   2199.995189279      0.000001999      0.085969835      1.719717979      1.185224059      0.007532835      0.009979724      0.055371614    261.878549632      0.007070377      0.005835027      0.002754527      0.000000000      0.000019114      0.000000000      0.000000000      0.000530272      0.000000000      0.000000000      0.000758351      0.000007972      0.000163145  25000.019059705      2.595450554      0.146832874      0.048289543      0.010068498      0.004057163      0.002399312      0.001444002      0.000000000      0.000000000
    1   67  66.5000     7.526885509    35.141506195     0.071854651     1.000000000     0.000000000   2159.597563656   2199.995301365      0.000001991      0.085984642      1.719833768      1.185196754      0.007538057      0.009985223      0.055384205    261.861095508      0.007070619      0.005835128      0.002759109      0.000000000      0.000019114      0.000000000      0.000000000      0.000530634      0.000000000      0.000000000      0.000758906      0.000008255      0.000166172  25000.019279287      2.595930671      0.146942869      0.048293480      0.010069227      0.004057431      0.002399468      0.001444995      0.000000000      0.000000000
    1   68  67.5000     7.526896954    35.141510010     0.069812693     1.000000000     0.000000000   2159.603015225   2199.995420447      0.000001983      0.085999890      1.719950926      1.185169249      0.007543527      0.009990868      0.055397356    261.843529964      0.007070873      0.005835233      0.002763746      0.000000000      0.000019114      0.000000000      0.000000000      0.000531008      0.000000000      0.000000000      0.000759487      0.000008555      0.000169355  25000.019505761      2.596424880      0.147056056      0.048297545      0.010069978      0.004057706      0.002399628      0.001446015      0.000000000      0.000000000
    1   69  68.5000     7.526908398    35.141513824     0.067763694     1.000000000     0.000000000   2159.608511559   2199.995546964      0.000001976      0.086015608      1.720069555      1.185141536      0.007549264      0.009996669      0.055411100    261.825844553      0.007071138      0.005835343      0.002768442      0.000000000      0.000019114      0.000000000      0.000000000      0.000531394      0.000000000      0.000000000      0.000760098      0.000008874      0.000172705  25000.019739570      2.596934093      0.147172640      0.048301746      0.010070754      0.004057991      0.002399792      0.001447064      0.000000000      0.000000000
    1   70  69.5000     7.526919842    35.141517639     0.065703191     1.000000000     0.000000000   2159.614056438   2199.995681407      0.000001968      0.086031826      1.720189774      1.185113601      0.007555286      0.010002640      0.055425478    261.808028790      0.007071416      0.005835458      0.002773203      0.000000000      0.000019114      0.000000000      0.000000000      0.000531793      0.000000000      0.000000000      0.000760738      0.000009214      0.000176234  25000.019981218      2.597459347      0.147292860      0.048306091      0.010071555      0.004058284      0.002399962      0.001448144      0.000000000      0.000000000
    1   71  70.5000     7.526930332    35.141521454     0.063639268     1.000000000     0.000000000   2159.619653326   2199.995824300      0.000001960      0.086048580      1.720311697      1.185085435      0.007561615      0.010008790      0.055440531    261.790073380      0.007071707      0.005835578      0.002778032      0.000000000      0.000019115      0.000000000      0.000000000      0.000532207      0.000000000      0.000000000      0.000761412      0.000009576      0.000179957  25000.020231229      2.598001720      0.147416961      0.048310591      0.010072383      0.004058587      0.002400138      0.001449258      0.000000000      0.000000000
    1   72  71.5000     7.526940823    35.141529083     0.061580475     1.000000000     0.000000000   2159.625305257   2199.995976204      0.000001952      0.086065901      1.720435435      1.185057029      0.007568270      0.010015134      0.055456304    261.771970581      0.007072012      0.005835704      0.002782934      0.000000000      0.000019115      0.000000000      0.000000000      0.000532635      0.000000000      0.000000000      0.000762121      0.000009962      0.000183886  25000.020490147      2.598562322      0.147545197      0.048315256      0.010073241      0.004058900      0.002400319      0.001450407      0.000000000      0.000000000
    1   73  72.5000     7.526950836    35.141532898     0.059535723     1.000000000     0.000000000   2159.631014713   2199.996137707      0.000001944      0.086083827      1.720561090      1.185028381      0.007575277      0.010021684      0.055472842    261.753714620      0.007072332      0.005835837      0.002787914      0.000000000      0.000019115      0.000000000      0.000000000      0.000533079      0.000000000      0.000000000      0.000762867      0.000010374      0.000188037  25000.020758529      2.599142289      0.147677827      0.048320096      0.010074129      0.004059224      0.002400507      0.001451594      0.000000000      0.000000000
    1   74  73.5000     7.526960373    35.141536713     0.057514131     1.000000000     0.000000000   2159.636783486   2199.996309431      0.000001936      0.086102391      1.720688753      1.184999492      0.007582658      0.010028452      0.055490193    261.735302139      0.007072668      0.005835976      0.002792974      0.000000000      0.000019115      0.000000000      0.000000000      0.000533541      0.000000000      0.000000000      0.000763654      0.000010815      0.000192427  25000.021036941      2.599742766      0.147815115      0.048325121      0.010075051      0.004059560      0.002400701      0.001452821      0.000000000      0.000000000
    1   75  74.5000     7.526969433    35.141540527     0.055524815     1.000000000     0.000000000   2159.642612530   2199.996492018      0.000001928      0.086121629      1.720818502      1.184970366      0.007590438      0.010035452      0.055508406    261.716732658      0.007073021      0.005836122      0.002798118      0.000000000      0.000019115      0.000000000      0.000000000      0.000534020      0.000000000      0.000000000      0.000764484      0.000011287      0.000197071  25000.021325949      2.600364898      0.147957322      0.048330341      0.010076006      0.004059908      0.002400903      0.001454090      0.000000000      0.000000000
    1   76  75.5000     7.526978493    35.141548157     0.053575780     1.000000000     0.000000000   2159.648501918   2199.996686136      0.000001920      0.086141575      1.720950398      1.184941016      0.007598644      0.010042697      0.055527530    261.698008724      0.007073392      0.005836275      0.002803348      0.000000000      0.000019115      0.000000000      0.000000000      0.000534519      0.000000000      0.000000000      0.000765359      0.000011793      0.000201988  25000.021626121      2.601009819      0.148104711      0.048335768      0.010076999      0.004060269      0.002401111      0.001455403      0.000000000      0.000000000
    1   77  76.5000     7.526986599    35.141551971     0.051675122     1.000000000     0.000000000   2159.654450660   2199.996892472      0.000001911      0.086162265      1.721084485      1.184911459      0.007607303      0.010050199      0.055547616    261.679136488      0.007073781      0.005836436      0.002808667      0.000000000      0.000019115      0.000000000      0.000000000      0.000535037      0.000000000      0.000000000      0.000766283      0.000012335      0.000207196  25000.021938013      2.601678634      0.148257535      0.048341411      0.010078029      0.004060644      0.002401328      0.001456762      0.000000000      0.000000000
    1   78  77.5000     7.526994705    35.141555786     0.049829844     1.000000000     0.000000000   2159.660456635   2199.997111721      0.000001903      0.086183729      1.721220786      1.184881721      0.007616442      0.010057972      0.055568713    261.660125912      0.007074191      0.005836605      0.002814074      0.000000000      0.000019115      0.000000000      0.000000000      0.000535577      0.000000000      0.000000000      0.000767259      0.000012916      0.000212713  25000.022262164      2.602372410      0.148416041      0.048347281      0.010079100      0.004061032      0.002401552      0.001458170      0.000000000      0.000000000
    1   79  78.5000     7.527002335    35.141563416     0.048045449     1.000000000     0.000000000   2159.666516585   2199.997344589      0.000001895      0.086206000      1.721359301      1.184851834      0.007626089      0.010066026      0.055590872    261.640990772      0.007074621      0.005836783      0.002819572      0.000000000      0.000019115      0.000000000      0.000000000      0.000536138      0.000000000      0.000000000      0.000768289      0.000013540      0.000218559  25000.022599096      2.603092164      0.148580466      0.048353386      0.010080212      0.004061435      0.002401785      0.001459629      0.000000000      0.000000000
    1   80  79.5000     7.527009964    35.141567230     0.046325594     1.000000000     0.000000000   2159.672626182   2199.997591792      0.000001886      0.086229107      1.721500011      1.184821836      0.007636274      0.010074374      0.055614143    261.621748446      0.007075074      0.005836969      0.002825158      0.000000000      0.000019116      0.000000000      0.000000000      0.000536722      0.000000000      0.000000000      0.000769377      0.000014210      0.000224755  25000.022949312      2.603838871      0.148751037      0.048359737      0.010081367      0.004061854      0.002402027      0.001461140      0.000000000      0.000000000
    1   81  80.5000     7.527016640    35.141574860     0.044671897     1.000000000     0.000000000   2159.678780161   2199.997854057      0.000001878      0.086253079      1.721642881      1.184791772      0.007647025      0.010083028      0.055638574    261.602419484      0.007075549      0.005837165      0.002830831      0.000000000      0.000019116      0.000000000      0.000000000      0.000537330      0.000000000      0.000000000      0.000770526      0.000014929      0.000231320  25000.023313303      2.604613473      0.148927975      0.048366343      0.010082566      0.004062288      0.002402278      0.001462705      0.000000000      0.000000000
    1   82  81.5000     7.527023315    35.141578674     0.043083996     1.000000000     0.000000000   2159.684972497   2199.998132127      0.000001869      0.086277943      1.721787862      1.184761691      0.007658373      0.010091998      0.055664216    261.583027035      0.007076047      0.005837371      0.002836591      0.000000000      0.000019116      0.000000000      0.000000000      0.000537962      0.000000000      0.000000000      0.000771739      0.000015702      0.000238277  25000.023691557      2.605416898      0.149111498      0.048373212      0.010083812      0.004062738      0.002402538      0.001464326      0.000000000      0.000000000
    1   83  82.5000     7.527029514    35.141582489     0.041559927     1.000000000     0.000000000   2159.691196589   2199.998426770      0.000001861      0.086303729      1.721934895      1.184731649      0.007670351      0.010101298      0.055691122    261.563596286      0.007076571      0.005837587      0.002842434      0.000000000      0.000019116      0.000000000      0.000000000      0.000538620      0.000000000      0.000000000      0.000773020      0.000016533      0.000245650  25000.024084568      2.606250082      0.149301830      0.048380354      0.010085106      0.004063205      0.002402808      0.001466004      0.000000000      0.000000000
    1   84  83.5000     7.527034760    35.141590118     0.040097419     1.000000000     0.000000000   2159.697445282   2199.998738782      0.000001852      0.086330463      1.722083913      1.184701704      0.007682993      0.010110939      0.055719343    261.544154373      0.007077121      0.005837813      0.002848359      0.000000000      0.000019116      0.000000000      0.000000000      0.000539305      0.000000000      0.000000000      0.000774372      0.000017427      0.000253461  25000.024492838      2.607113977      0.149499194      0.048387778      0.010086449      0.004063690      0.002403087      0.001467742      0.000000000      0.000000000
    1   85  84.5000     7.527040482    35.141593933     0.038693365     1.000000000     0.000000000   2159.703711001   2199.999068992      0.000001844      0.086358177      1.722234844      1.184671919      0.007696334      0.010120934      0.055748936    261.524730004      0.007077698      0.005838050      0.002854362      0.000000000      0.000019117      0.000000000      0.000000000      0.000540017      0.000000000      0.000000000      0.000775800      0.000018388      0.000261739  25000.024916890      2.608009564      0.149703828      0.048395493      0.010087843      0.004064193      0.002403377      0.001469541      0.000000000      0.000000000
    1   86  85.5000     7.527045250    35.141601562     0.037345346     1.000000000     0.000000000   2159.709985637   2199.999418262      0.000001835      0.086386901      1.722387608      1.184642360      0.007710414      0.010131297      0.055779957    261.505353782      0.007078302      0.005838299      0.002860441      0.000000000      0.000019117      0.000000000      0.000000000      0.000540757      0.000000000      0.000000000      0.000777307      0.000019422      0.000270509  25000.025357258      2.608937846      0.149915972      0.048403511      0.010089290      0.004064714      0.002403678      0.001471404      0.000000000      0.000000000
    1   87  86.5000     7.527049541    35.141605377     0.036052223     1.000000000     0.000000000   2159.716260332   2199.999787472      0.000001827      0.086416663      1.722542111      1.184613100      0.007725273      0.010142042      0.055812464    261.486058911      0.007078937      0.005838560      0.002866593      0.000000000      0.000019117      0.000000000      0.000000000      0.000541528      0.000000000      0.000000000      0.000778898      0.000020535      0.000279802  25000.025814476      2.609899818      0.150135867      0.048411839      0.010090791      0.004065254      0.002403989      0.001473332      0.000000000      0.000000000
    1   88  87.5000     7.527053833    35.141609192     0.034797028     1.000000000     0.000000000   2159.722528292   2200.000177700      0.000001818      0.086447507      1.722698317      1.184584203      0.007740958      0.010153188      0.055846531    261.466872553      0.007079602      0.005838833      0.002872816      0.000000000      0.000019117      0.000000000      0.000000000      0.000542329      0.000000000      0.000000000      0.000780578      0.000021734      0.000289653  25000.026289286      2.610896908      0.150363856      0.048420493      0.010092349      0.004065814      0.002404312      0.001475328      0.000000000      0.000000000
    1   89  88.5000     7.527057648    35.141616821     0.033587378     1.000000000     0.000000000   2159.728780568   2200.000589978      0.000001810      0.086479470      1.722856142      1.184555748      0.007757520      0.010164753      0.055882227    261.447828870      0.007080299      0.005839120      0.002879108      0.000000000      0.000019117      0.000000000      0.000000000      0.000543162      0.000000000      0.000000000      0.000782352      0.000023027      0.000300096  25000.026782347      2.611930354      0.150600239      0.048429484      0.010093965      0.004066394      0.002404647      0.001477394      0.000000000      0.000000000
    1   90  89.5000     7.527060986    35.141620636     0.032430254     1.000000000     0.000000000   2159.735005930   2200.001025269      0.000001802      0.086512581      1.723015450      1.184527824      0.007775003      0.010176751      0.055919615    261.428969302      0.007081029      0.005839420      0.002885464      0.000000000      0.000019118      0.000000000      0.000000000      0.000544029      0.000000000      0.000000000      0.000784225      0.000024421      0.000311167  25000.027294200      2.613001143      0.150845265      0.048438822      0.010095641      0.004066996      0.002404993      0.001479533      0.000000000      0.000000000
    1   91  90.5000     7.527063847    35.141624451     0.031330541     1.000000000     0.000000000   2159.741191076   2200.001484458      0.000001794      0.086546861      1.723176059      1.184500532      0.007793455      0.010189195      0.055958747    261.410341861      0.007081794      0.005839733      0.002891877      0.000000000      0.000019118      0.000000000      0.000000000      0.000544930      0.000000000      0.000000000      0.000786203      0.000025925      0.000322900  25000.027825271      2.614110012      0.151099124      0.048448516      0.010097379      0.004067619      0.002405352      0.001481746      0.000000000      0.000000000
    1   92  91.5000     7.527066708    35.141632080     0.030289711     1.000000000     0.000000000   2159.747321183   2200.001968366      0.000001786      0.086582326      1.723337747      1.184473983      0.007812918      0.010202096      0.055999672    261.391999357      0.007082595      0.005840062      0.002898339      0.000000000      0.000019118      0.000000000      0.000000000      0.000545866      0.000000000      0.000000000      0.000788290      0.000027548      0.000335328  25000.028375895      2.615257505      0.151361966      0.048458570      0.010099180      0.004068264      0.002405724      0.001484033      0.000000000      0.000000000
    1   93  92.5000     7.527069092    35.141635895     0.029304933     1.000000000     0.000000000   2159.753380761   2200.002477805      0.000001778      0.086618989      1.723500279      1.184448291      0.007833439      0.010215466      0.056042437    261.373996769      0.007083431      0.005840404      0.002904842      0.000000000      0.000019118      0.000000000      0.000000000      0.000546838      0.000000000      0.000000000      0.000790490      0.000029298      0.000348487  25000.028946380      2.616444101      0.151633932      0.048468992      0.010101044      0.004068932      0.002406108      0.001486397      0.000000000      0.000000000
    1   94  93.5000     7.527070999    35.141639709     0.028368646     1.000000000     0.000000000   2159.759354717   2200.003013662      0.000001770      0.086656867      1.723663432      1.184423570      0.007855068      0.010229317      0.056087094    261.356388092      0.007084305      0.005840762      0.002911377      0.000000000      0.000019119      0.000000000      0.000000000      0.000547847      0.000000000      0.000000000      0.000792810      0.000031187      0.000362417  25000.029537108      2.617670426      0.151915192      0.048479787      0.010102972      0.004069621      0.002406505      0.001488838      0.000000000      0.000000000
    1   95  94.5000     7.527072430    35.141643524     0.027468741     1.000000000     0.000000000   2159.765229452   2200.003577027      0.000001763      0.086695990      1.723827024      1.184399931      0.007877867      0.010243668      0.056133711    261.339223191      0.007085218      0.005841136      0.002917939      0.000000000      0.000019119      0.000000000      0.000000000      0.000548894      0.000000000      0.000000000      0.000795256      0.000033226      0.000377163  25000.030148658      2.618937513      0.152206019      0.048490967      0.010104966      0.004070334      0.002406915      0.001491358      0.000000000      0.000000000
    1   96  95.5000     7.527073860    35.141647339     0.026589103     1.000000000     0.000000000   2159.770993882   2200.004169347      0.000001756      0.086736411      1.723990954      1.184377478      0.007901913      0.010258545      0.056182386    261.322545066      0.007086172      0.005841526      0.002924524      0.000000000      0.000019119      0.000000000      0.000000000      0.000549980      0.000000000      0.000000000      0.000797836      0.000035430      0.000392782  25000.030781969      2.620247124      0.152506852      0.048502549      0.010107029      0.004071072      0.002407339      0.001493961      0.000000000      0.000000000
    1   97  96.5000     7.527074814    35.141654968     0.025710452     1.000000000     0.000000000   2159.776640271   2200.004792619      0.000001749      0.086778215      1.724155229      1.184356304      0.007927309      0.010273991      0.056233258    261.306387873      0.007087169      0.005841933      0.002931134      0.000000000      0.000019120      0.000000000      0.000000000      0.000551109      0.000000000      0.000000000      0.000800562      0.000037816      0.000409350  25000.031438515      2.621602115      0.152818387      0.048514558      0.010109166      0.004071835      0.002407777      0.001496653      0.000000000      0.000000000
    1   98  97.5000     7.527075768    35.141658783     0.024811227     1.000000000     0.000000000   2159.782164869   2200.005449618      0.000001743      0.086821534      1.724319997      1.184336496      0.007954193      0.010290064      0.056286529    261.290775773      0.007088214      0.005842360      0.002937777      0.000000000      0.000019120      0.000000000      0.000000000      0.000552285      0.000000000      0.000000000      0.000803448      0.000040408      0.000426965  25000.032120516      2.623006855      0.153141675      0.048527037      0.010111384      0.004072626      0.002408232      0.001499442      0.000000000      0.000000000
    1   99  98.5000     7.527076244    35.141662598     0.023868388     1.000000000     0.000000000   2159.787568389   2200.006144195      0.000001736      0.086866564      1.724485581      1.184318137      0.007982753      0.010306847      0.056342483    261.275722550      0.007089311      0.005842807      0.002944467      0.000000000      0.000019120      0.000000000      0.000000000      0.000553513      0.000000000      0.000000000      0.000806514      0.000043235      0.000445759  25000.032831193      2.624467741      0.153478242      0.048540044      0.010113692      0.004073449      0.002408705      0.001502342      0.000000000      0.000000000
    1  100  99.5000     7.527076721    35.141666412     0.022858057     1.000000000     0.000000000   2159.792856454   2200.006881662      0.000001730      0.086913581      1.724652520      1.184301308      0.008013240      0.010324458      0.056401515    261.261231771      0.007090470      0.005843280      0.002951228      0.000000000      0.000019121      0.000000000      0.000000000      0.000554803      0.000000000      0.000000000      0.000809787      0.000046334      0.000465909  25000.033575104      2.625993872      0.153830250      0.048553662      0.010116106      0.004074309      0.002409199      0.001505370      0.000000000      0.000000000
    1  101 100.5000     7.527076721    35.141670227     0.021755936     1.000000000     0.000000000   2159.798040166   2200.007669353      0.000001724      0.086962976      1.724821623      1.184286100      0.008046000      0.010343058      0.056464176    261.247297185      0.007091700      0.005843780      0.002958098      0.000000000      0.000019121      0.000000000      0.000000000      0.000556164      0.000000000      0.000000000      0.000813305      0.000049755      0.000487656  25000.034358627      2.627598002      0.154200720      0.048568008      0.010118646      0.004075214      0.002409719      0.001508553      0.000000000      0.000000000
    1  102 101.5000     7.527076721    35.141674042     0.020537509     1.000000000     0.000000000   2159.803137083   2200.008517467      0.000001719      0.087015293      1.724994064      1.184272621      0.008081506      0.010362875      0.056531233    261.233903027      0.007093017      0.005844316      0.002965126      0.000000000      0.000019122      0.000000000      0.000000000      0.000557615      0.000000000      0.000000000      0.000817118      0.000053569      0.000511328  25000.035190685      2.629298005      0.154593888      0.048583246      0.010121340      0.004076173      0.002410269      0.001511926      0.000000000      0.000000000
    1  103 102.5000     7.527076721    35.141674042     0.019178038     1.000000000     0.000000000   2159.808173001   2200.009440438      0.000001714      0.087071310      1.725171518      1.184261019      0.008120428      0.010384227      0.056603772    261.221023771      0.007094442      0.005844895      0.002972387      0.000000000      0.000019122      0.000000000      0.000000000      0.000559177      0.000000000      0.000000000      0.000821297      0.000057871      0.000537390  25000.036083930      2.631119238      0.155015759      0.048599606      0.010124229      0.004077201      0.002410859      0.001515540      0.000000000      0.000000000
    1  104 103.5000     7.527076244    35.141677856     0.017652389     1.000000000     0.000000000   2159.813185316   2200.010459278      0.000001709      0.087132156      1.725356427      1.184251504      0.008163734      0.010407579      0.056683376    261.208622714      0.007096006      0.005845530      0.002979989      0.000000000      0.000019123      0.000000000      0.000000000      0.000560885      0.000000000      0.000000000      0.000825948      0.000062800      0.000566515  25000.037056784      2.633098617      0.155475082      0.048617426      0.010127372      0.004078318      0.002411501      0.001519469      0.000000000      0.000000000
    1  105 104.5000     7.527075768    35.141681671     0.015934682     1.000000000     0.000000000   2159.818229567   2200.011605888      0.000001704      0.087199544      1.725552471      1.184244399      0.008212895      0.010433636      0.056772445    261.196648185      0.007097757      0.005846240      0.002988094      0.000000000      0.000019123      0.000000000      0.000000000      0.000562788      0.000000000      0.000000000      0.000831227      0.000068568      0.000599723  25000.038137186      2.635292130      0.155985137      0.048637218      0.010130858      0.004079557      0.002412211      0.001523826      0.000000000      0.000000000
    1  106 105.5000     7.527075291    35.141685486     0.013997852     1.000000000     0.000000000   2159.823392942   2200.012931715      0.000001700      0.087276236      1.725765535      1.184240237      0.008270284      0.010463535      0.056874849    261.185024668      0.007099770      0.005847056      0.002996963      0.000000000      0.000019124      0.000000000      0.000000000      0.000564970      0.000000000      0.000000000      0.000837389      0.000075515      0.000638656  25000.039370137      2.637789937      0.156567340      0.048659806      0.010134831      0.004080969      0.002413021      0.001528792      0.000000000      0.000000000
    1  107 106.5000     7.527074814    35.141685486     0.011813452     1.000000000     0.000000000   2159.828825019   2200.014527257      0.000001696      0.087367084      1.726005893      1.184239973      0.008340072      0.010499275      0.056997394    261.173631805      0.007102180      0.005848031      0.003007053      0.000000000      0.000019125      0.000000000      0.000000000      0.000567573      0.000000000      0.000000000      0.000844881      0.000084246      0.000686210  25000.040834706      2.640750417      0.157259364      0.048686640      0.010139545      0.004082644      0.002413981      0.001534687      0.000000000      0.000000000
    1  108 107.5000     7.527073860    35.141689301     0.009353067     1.000000000     0.000000000   2159.834819191   2200.016573828      0.000001692      0.087481796      1.726293981      1.184245553      0.008430634      0.010544869      0.057153706    261.162249129      0.007105255      0.005849274      0.003019278      0.000000001      0.000019126      0.000000000      0.000000000      0.000570889      0.000000000      0.000000000      0.000854601      0.000095975      0.000748192  25000.042689141      2.644490492      0.158136732      0.048720619      0.010145506      0.004084761      0.002415195      0.001542150      0.000000000      0.000000000
    1  109 108.5000     7.527073383    35.141693115     0.006598564     1.000000000     0.000000000   2159.842086173   2200.019519637      0.000001689      0.087644355      1.726679958      1.184261867      0.008562711      0.010610252      0.057377457    261.150379424      0.007109657      0.005851050      0.003035891      0.000000001      0.000019127      0.000000000      0.000000000      0.000575633      0.000000000      0.000000000      0.000868772      0.000113735      0.000838994  25000.045324219      2.649792597      0.159386343      0.048768906      0.010153967      0.004087765      0.002416916      0.001552765      0.000000000      0.000000000
    1  110 109.2500     7.527072430    35.141693115     0.003603283     0.500000000     0.000000000   2159.850376950   2200.023628309      0.000001687      0.087867331      1.727178515      1.184295839      0.008749788      0.010700799      0.057687807    261.139938231      0.007115765      0.005853511      0.003057595      0.000000001      0.000019129      0.000000000      0.000000001      0.000582173      0.000000000      0.000000000      0.000888833      0.000139972      0.000968205  25000.048952322      2.657075012      0.161103598      0.048835368      0.010165596      0.004091894      0.002419282      0.001567333      0.000000000      0.000000000
    1  111 109.6333     7.527072430    35.141693115     0.000005000     0.266666667     0.000000000   2162.591917340   2201.548529021      0.000001522      0.169798821      1.904735517      1.198937100      0.078843206      0.043966457      0.172540544    258.375132615      0.009376069      0.006763455      0.010757837      0.000000081      0.000019883      0.000000001      0.000000135      0.002967700      0.000000000      0.000000000      0.008401593      0.010218631      0.049499098  25001.386688255      5.338735869      0.788831073      0.073327181      0.014447899      0.005612286      0.003290206      0.006888908      0.000000000      0.000000000
    1  112 109.8333     7.527072430    35.141693115     0.000002331     0.133333333     0.000000000   2165.374374033   2203.323154900      0.000001565      0.341566718      2.049434408      1.216302491      0.191337429      0.246363525      0.304324504    256.156144399      0.011934914      0.007766853      0.071772596      0.000001819      0.000020728      0.000000009      0.000002751      0.021904461      0.000000000      0.000000000      0.020162938      0.039992951      0.130275718  25002.881801605      8.289008378      4.568363212      0.109962476      0.020843288      0.007914021      0.004609297      0.038938377      0.000000000      0.000000000
    1  113 109.9333     7.527072430    35.141693115     0.000000996     0.066666667     0.000000000   2168.395553901   2205.488431811      0.000001782      0.738070191      2.146211145      1.236842135      0.372801949      1.613201081      0.458346300    254.259302736      0.014958364      0.008917986      0.608436257      0.000042244      0.000021715      0.000000084      0.000034887      0.188434135      0.000000001      0.000000000      0.037708570      0.117614489      0.259843486  25004.616561440     11.637418859     30.035640608      0.168187405      0.031106453      0.011661855      0.006758172      0.254934755      0.000000001      0.000000000
    1  114 109.9833     7.527072430    35.141693115     0.000000329     0.033333333     0.000000000   2172.722626500   2208.876121637      0.000002338      2.109999837      2.199392320      1.267746320      0.716900036     19.157871438      0.672205087    252.134920333      0.019565396      0.010634622     10.765639926      0.000820147      0.000023205      0.000001499      0.000366175      3.339565747      0.000000010      0.000000007      0.064999532      0.330191730      0.496885667  25007.171619144     16.344289434    356.817321264      0.297971782      0.054410734      0.020279973      0.011703197      3.026783579      0.000000009      0.000000000
    1  115 110.0002     7.527072430    35.141693115     0.000000000     0.000500000     0.000000000   2606.912568250   2561.570432381      0.000000412      7.227677090      0.359007070      5.213746882     51.904540903    100.223333620     13.293465061     49.688807315      0.617274415      0.180622710      2.973815342      1.298316738      0.000214608      0.002254463      0.210321591      3.643441155      0.000012773      0.000051928      2.131295722     44.376484865     34.074733649  24236.915634613    406.263596265    395.533234353      3.992558973      3.841239928     16.947091388      4.710206791      1.245805683      0.000000348      0.000000000
    1  116 110.0010     7.527072430    35.141693115     0.000000000     0.001000000     0.000000000   2624.137128198   2575.028440146      0.000000206      7.939520960      0.287056817      5.389229156     54.160224098    111.617890125     13.804034228     41.714264486      0.642219103      0.183140978      2.010168861      1.540005911      0.000222625      0.002695498      0.222943092      3.449767778      0.000015673      0.000064900      2.137842751     46.330436493     35.447790187  24189.735690384    422.408933311    402.614379137      3.873687120      4.228442750     19.227085451      5.746983777      0.990064038      0.000000422      0.000000000
    1  117 110.0025     7.527072430    35.141693115     0.000000000     0.002000000     0.000000000   2659.707018319   2602.041112390      0.000000053      8.563025997      0.162434750      5.766334275     59.024236934    122.830255198     14.725205329     28.238213677      0.691549069      0.176731047      0.890892015      2.739330253      0.000238662      0.003838853      0.253351426      2.580747727      0.000025108      0.000110795      1.875585199     50.478361479     38.067433980  24098.397681737    453.863088140    412.201599246      3.221127855      4.491594280     22.502828094      9.149864889      0.581881433      0.000000655      0.000000000
    1  118 110.0055     7.527072430    35.141693115     0.000000000     0.004000000     0.000000000   2734.580046656   2656.577140345      0.000000005      3.679854388      0.000003624      6.568438805     69.816570940     98.595927965     16.116005214     10.152370042      0.787864318      0.144894468      0.053023531      8.567048106      0.000270910      0.007012048      0.309622044      1.034046326      0.000063286      0.000306735      0.417397775     58.015354000     42.896159921  23931.144571709    513.564666135    415.056452904      2.293001044      4.462376682     25.869536235     25.415476461      0.149949927      0.000001572      0.000000000
    1  119 110.0115     7.527072430    35.141693115     0.000000000     0.008000000     0.000000000   2885.821016014   2760.957773782      0.000000000      0.399667826      0.000000000      8.149420921     95.422835660     71.973450672     18.438198552      0.309883704      0.954905782      0.088534698      0.000981736     35.074634903      0.000335992      0.013697554      0.413462350      0.000805244      0.000258590      0.001253934      0.000004722     60.838731263     51.493931914  23657.464642913    619.205250499    369.601569080      0.232157571      0.499635781     15.463508986      5.704202931      0.008134500      0.000006326      0.000000000
    1  120 110.0205     7.527072430    35.141693115     0.000000000     0.010000000     0.000000000   3053.722917202   2870.645502964      0.000000000      0.024132022      0.000000000      9.954877567    123.894514688     41.880298528     20.892403928      0.003154028      1.167110748      0.040207212      0.000009137     74.472660441      0.000435708      0.026679501      0.527923057      0.000004793      0.001672346      0.006382389      0.000000000     57.605110466     60.279486729  23400.314529942    736.835357767    222.182013302      0.022757276      0.007105665      4.459904958      1.706531770      0.000127811      0.000042747      0.000000000
    1  121 110.0305     7.527072430    35.141693115     0.000000000     0.010000000     0.000000000   3188.093943516   2952.936457469      0.000000000      0.001430607      0.000000000     11.424230599    146.622318325     13.094573403     19.219924864      0.000027251      1.371274967      0.016955529      0.000000071    109.081675577      0.000546879      0.050379586      0.645475192      0.000000071      0.006860091      0.018000126      0.000000000     52.351340123     66.446867585  23294.256475941    821.425289965     95.585335877      0.002141190      0.000065628      2.347484701      0.091683112      0.000000964      0.000189705      0.000000000
    1  122 110.0405     7.527072430    35.141693115     0.000000000     0.010000000     0.000000000   3282.903408140   3006.458330694      0.000000000      0.000127594      0.000000000     12.490777244    162.738442701      2.458314512     16.134215141      0.000000231      1.555186058      0.007077121      0.000000001    135.739432127      0.000655190      0.077858269      0.752406572      0.000000001      0.016707756      0.032399539      0.000000000     46.418387097     70.500812502  23338.584820298    874.088257751     33.456493533      0.000406116      0.000000497      2.268104994      0.002215211      0.000000005      0.000496095      0.000000000
    1  123 110.0505     7.527072430    35.141693115     0.000000000     0.010000000     0.000000000   3346.962663411   3038.622776284      0.000000000      0.000006419      0.000000000     13.246972578    173.837558087      0.502375068     13.291055444      0.000000002      1.719261342      0.002926187      0.000000000    155.655573356      0.000755629      0.101220637      0.846371945      0.000000000      0.028364707      0.044994864      0.000000000     40.515971210     73.167800781  23505.385365962    905.062635173     10.008496199      0.000247482      0.000000004      2.076658581      0.000042209      0.000000000      0.000893435      0.000000000
    1  124 110.0605     7.527072430    35.141693115     0.000000000     0.010000000     0.000000000   3386.173306370   3054.402050252      0.000000000      0.000000243      0.000000000     13.753438558    181.011416966      0.160305707     11.004887284      0.000000000      1.859213341      0.001200182      0.000000000    169.733070341      0.000842504      0.116693528      0.924748447      0.000000000      0.037450149      0.052885757      0.000000000     35.221647099     74.825086230  23772.535847875    921.252773088      2.614510990      0.000265152      0.000000000      1.748598968      0.000000735      0.000000000      0.001240794      0.000000000
    1  125 110.0705     7.527072430    35.141693115     0.000000000     0.010000000     0.000000000   3406.149818498   3058.398140566      0.000000000      0.000000015      0.000000000     14.063754512    185.225678256      0.076879379      9.306989699      0.000000000      1.969240850      0.000491213      0.000000000    178.940281322      0.000911078      0.124091456      0.985097248      0.000000000      0.041853110      0.055413323      0.000000000     30.946128076     75.749596175  24121.334573279    927.778275655      0.605191304      0.000413188      0.000000000      1.413635014      0.000000013      0.000000000      0.001464270      0.000000000
    1  126 110.0805     7.527072430    35.141693115     0.000000000     0.010000000     0.000000000   3411.853742992   3054.580469373      0.000000000      0.000000001      0.000000000     14.223694090    187.294094682      0.044656919      8.179412108      0.000000000      2.043690450      0.000207730      0.000000000    184.211921225      0.000957653      0.125724395      1.025327427      0.000000000      0.042695612      0.053939005      0.000000000     27.945301595     76.150817779  24535.396263278    928.569039626      0.125864833      0.000565112      0.000000000      1.134237491      0.000000000      0.000000000      0.001614280      0.000000000
    1  127 110.0905     7.527072430    35.141693115     0.000000000     0.010000000     0.000000000   3406.790894358   3045.695809423      0.000000000      0.000000000      0.000000000     14.265943612    187.794079711      0.028311669      7.602617504      0.000000000      2.077990200      0.000108473      0.000000000    186.270541445      0.000979617      0.125161010      1.043792669      0.000000000      0.042490309      0.050782825      0.000000000     26.358113625     76.164532121  25000.000000000    926.347236267      0.023888055      0.000946349      0.000000000      0.920880995      0.000000000      0.000000000      0.001797931      0.000000000
